4 1 9 0 1469598103934665603
1 3 1 1 0 1 1 11095657374244587402
1 132 2 2 1 1 0 1 1 0 1 1 0 1 1 0 1 1 0 1 1 0 1 1 0 1 1 0 1 1 0 1 1 0 1 1 0 1 1 0 1 1 0 1 1 0 1 1 0 1 1 0 1 1 0 1 1 0 1 1 0 1 1 0 1 1 0 1 1 0 1 1 0 1 1 0 1 1 0 1 1 0 1 1 0 1 1 0 1 1 0 1 1 0 1 1 0 1 1 0 1 1 0 1 1 0 1 1 0 1 1 0 1 1 0 1 1 0 1 1 0 1 1 0 1 1 0 1 1 0 1 1 0 1 2 1 2 11965003218769575415
1 68 3 3 2 2 2 2 2 2 2 2 2 2 2 2 2 2 2 2 2 2 2 2 2 2 2 2 2 2 2 2 2 2 2 2 2 2 2 2 2 2 2 2 2 2 2 2 2 2 2 2 2 2 2 2 2 2 2 2 2 2 2 2 2 2 2 2 2 2 3 1 2 3 5639923385676640306
5 2 8 3 3 1 2 3 5639923385676640306
6 2 0 1 3 1 2 3 5639923385676640306
8 1 1 3 1 2 3 5639923385676640306
8 1 1 3 1 2 3 5639923385676640306
8 1 1 3 1 2 3 5639923385676640306
8 1 1 3 1 2 3 5639923385676640306
8 1 1 3 1 2 3 5639923385676640306
8 1 1 3 1 2 3 5639923385676640306
8 1 1 3 1 2 3 5639923385676640306
8 1 1 3 1 2 3 5639923385676640306
8 1 1 3 1 2 3 5639923385676640306
8 1 1 3 1 2 3 5639923385676640306
8 1 1 3 1 2 3 5639923385676640306
8 1 1 3 1 2 3 5639923385676640306
8 1 1 3 1 2 3 5639923385676640306
8 1 1 3 1 2 3 5639923385676640306
8 1 1 3 1 2 3 5639923385676640306
8 1 1 3 1 2 3 5639923385676640306
8 1 1 3 1 2 3 5639923385676640306
3 1 0 3 1 2 3 5639923385676640306
3 1 2 3 1 2 3 5639923385676640306
10 0 3 1 2 3 5639923385676640306
14 1 18446744073709551615 3 1 2 3 5639923385676640306
7 2 0 4 3 1 2 3 5639923385676640306
3 1 4 3 1 2 3 5639923385676640306
5 2 8 0 0 1469598103934665603
11 0 0 1469598103934665603
14 1 18446744073709551615 0 1469598103934665603
14 1 0 0 1469598103934665603
1 3 1 4 60 1 4 12146644434217833094
14 1 8 1 4 12146644434217833094
3 1 60 0 1469598103934665603
14 1 32 0 1469598103934665603
4 1 16 0 1469598103934665603
14 1 0 0 1469598103934665603
14 1 8 0 1469598103934665603
1 3 1 5 61 1 5 1870864911592938842
14 1 2 1 5 1870864911592938842
5 2 7 5 1 5 1870864911592938842
2 2 5 21 1 5 1870864911592938842
5 2 3 0 1 5 1870864911592938842
6 2 6 61 1 5 1870864911592938842
3 1 21 1 5 1870864911592938842
10 0 1 5 1870864911592938842
1 3 1 6 58 2 5 6 9280359174269023239
8 1 6 2 5 6 9280359174269023239
14 1 33 2 5 6 9280359174269023239
8 1 5 2 5 6 9280359174269023239
3 1 58 2 5 6 9280359174269023239
8 1 6 2 5 6 9280359174269023239
8 1 6 2 5 6 9280359174269023239
14 1 1 2 5 6 9280359174269023239
14 1 32 2 5 6 9280359174269023239
10 0 1 5 1870864911592938842
8 1 5 1 5 1870864911592938842
5 2 14 5 1 5 1870864911592938842
1 3 1 7 51 2 5 7 1118261084954259379
5 2 2 0 2 5 7 1118261084954259379
6 2 3 51 2 5 7 1118261084954259379
5 2 1 0 2 5 7 1118261084954259379
1 3 3 8 37 3 5 7 8 7877163628468834066
1 11 2 9 0 7 0 8 0 8 0 7 0 4 5 7 8 9 4573633376144325606
2 2 8 63 4 5 7 8 9 4573633376144325606
3 1 63 4 5 7 8 9 4573633376144325606
3 1 0 3 5 7 8 7877163628468834066
13 2 8 7 3 5 7 8 4916520685376207270
8 1 8 3 5 7 8 4916520685376207270
6 2 15 37 3 5 7 8 4916520685376207270
1 10 2 10 47 5 7 5 5 5 5 0 4 5 7 8 10 11262742311820883557
1 3 3 11 39 5 5 7 8 10 11 10257054966490815569
8 1 7 5 5 7 8 10 11 10257054966490815569
14 1 8 5 5 7 8 10 11 10257054966490815569
8 1 7 5 5 7 8 10 11 10257054966490815569
12 3 8 0 0 5 5 7 8 10 11 500285099730598340
5 2 14 8 5 5 7 8 10 11 500285099730598340
3 1 47 4 5 7 8 11 2044468218586129335
2 2 8 11 4 5 7 8 11 2044468218586129335
9 1 39 4 5 7 8 11 2044468218586129335
1 11 3 12 61 11 11 11 5 5 5 8 0 5 5 7 8 11 12 16899384468389008554
12 3 8 0 7 5 5 7 8 11 12 2467538331025072827
9 1 11 5 5 7 8 11 12 2467538331025072827
10 0 5 5 7 8 11 12 2467538331025072827
13 2 8 7 5 5 7 8 11 12 12054958382165815511
8 1 12 5 5 7 8 11 12 12054958382165815511
3 1 61 5 5 7 8 11 12 12054958382165815511
7 2 7 32 5 5 7 8 11 12 12054958382165815511
8 1 11 5 5 7 8 11 12 12054958382165815511
3 1 32 5 5 7 8 11 12 12054958382165815511
2 2 11 30 5 5 7 8 11 12 12054958382165815511
1 3 1 13 16 6 5 7 8 11 12 13 1745590698315353326
8 1 8 6 5 7 8 11 12 13 1745590698315353326
2 2 13 32 6 5 7 8 11 12 13 1745590698315353326
2 2 8 40 6 5 7 8 11 12 13 1745590698315353326
2 2 8 56 6 5 7 8 11 12 13 1745590698315353326
11 0 4 7 8 11 13 9463889165671035280
13 2 8 7 4 7 8 11 13 7622896735533933290
1 3 1 14 52 5 7 8 11 13 14 16313324304683081191
13 2 8 7 5 7 8 11 13 14 10225005001867553421
14 1 33 5 7 8 11 13 14 10225005001867553421
14 1 0 5 7 8 11 13 14 10225005001867553421
4 1 2 5 7 8 11 13 14 10225005001867553421
8 1 8 5 7 8 11 13 14 10225005001867553421
8 1 7 5 7 8 11 13 14 10225005001867553421
9 1 56 5 7 8 11 13 14 10225005001867553421
3 1 40 5 7 8 11 13 14 10225005001867553421
14 1 2 5 7 8 11 13 14 10225005001867553421
2 2 14 24 5 7 8 11 13 14 10225005001867553421
8 1 14 5 7 8 11 13 14 10225005001867553421
9 1 30 5 7 8 11 13 14 10225005001867553421
8 1 7 5 7 8 11 13 14 10225005001867553421
6 2 0 52 5 7 8 11 13 14 10225005001867553421
5 2 1 11 5 7 8 11 13 14 10225005001867553421
1 3 1 15 14 6 7 8 11 13 14 15 13403969443332664756
3 1 16 6 7 8 11 13 14 15 13403969443332664756
8 1 13 6 7 8 11 13 14 15 13403969443332664756
14 1 18446744073709551615 6 7 8 11 13 14 15 13403969443332664756
1 10 3 16 43 0 14 15 14 8 13 7 7 7 8 11 13 14 15 16 3073920020992231931
14 1 32 7 7 8 11 13 14 15 16 3073920020992231931
9 1 14 7 7 8 11 13 14 15 16 3073920020992231931
3 1 32 7 7 8 11 13 14 15 16 3073920020992231931
1 3 1 17 4 8 7 8 11 13 14 15 16 17 2790374427450837154
14 1 0 8 7 8 11 13 14 15 16 17 2790374427450837154
1 3 1 18 28 9 7 8 11 13 14 15 16 17 18 4843245323674787967
3 1 28 8 7 8 11 13 14 15 16 17 2790374427450837154
5 2 1 0 8 7 8 11 13 14 15 16 17 2790374427450837154
14 1 33 8 7 8 11 13 14 15 16 17 2790374427450837154
8 1 14 8 7 8 11 13 14 15 16 17 2790374427450837154
6 2 1 24 8 7 8 11 13 14 15 16 17 2790374427450837154
14 1 2 8 7 8 11 13 14 15 16 17 2790374427450837154
5 2 0 17 8 7 8 11 13 14 15 16 17 2790374427450837154
3 1 43 7 7 8 11 13 14 15 17 12831068191887752329
1 3 3 19 14 8 7 8 11 13 14 15 17 19 13346355892610606005
7 2 1 61 8 7 8 11 13 14 15 17 19 13346355892610606005
4 1 9 8 7 8 11 13 14 15 17 19 13346355892610606005
4 1 2 8 7 8 11 13 14 15 17 19 13346355892610606005
6 2 0 61 8 7 8 11 13 14 15 17 19 13346355892610606005
7 2 0 47 8 7 8 11 13 14 15 17 19 13346355892610606005
10 0 8 7 8 11 13 14 15 17 19 13346355892610606005
10 0 8 7 8 11 13 14 15 17 19 13346355892610606005
3 1 4 8 7 8 11 13 14 15 17 19 13346355892610606005
6 2 1 47 8 7 8 11 13 14 15 17 19 13346355892610606005
13 2 11 8 8 7 8 11 13 14 15 17 19 7245246951893194012
1 11 3 20 6 17 11 0 13 19 19 17 15 9 7 8 11 13 14 15 17 19 20 3820294631157481766
1 3 3 21 28 10 7 8 11 13 14 15 17 19 20 21 18324123518586260026
2 2 20 41 10 7 8 11 13 14 15 17 19 20 21 18324123518586260026
8 1 21 10 7 8 11 13 14 15 17 19 20 21 18324123518586260026
9 1 14 10 7 8 11 13 14 15 17 19 20 21 18324123518586260026
12 3 8 0 14 10 7 8 11 13 14 15 17 19 20 21 11845408827555868249
13 2 8 14 10 7 8 11 13 14 15 17 19 20 21 3126323610713152508
14 1 8 10 7 8 11 13 14 15 17 19 20 21 3126323610713152508
1 11 2 22 26 11 11 7 20 21 13 11 17 11 7 8 11 13 14 15 17 19 20 21 22 5916722053154650423
1 6 3 23 54 20 14 14 12 7 8 11 13 14 15 17 19 20 21 22 23 13816643232883511146
10 0 12 7 8 11 13 14 15 17 19 20 21 22 23 13816643232883511146
9 1 41 12 7 8 11 13 14 15 17 19 20 21 22 23 13816643232883511146
13 2 20 21 12 7 8 11 13 14 15 17 19 20 21 22 23 4500668472128856876
7 2 1 32 12 7 8 11 13 14 15 17 19 20 21 22 23 4500668472128856876
1 4 2 24 12 11 13 7 8 11 13 14 15 17 19 20 21 22 23 24 2138359208688004008
1 3 2 25 8 14 7 8 11 13 14 15 17 19 20 21 22 23 24 25 5498807300178618692
8 1 25 14 7 8 11 13 14 15 17 19 20 21 22 23 24 25 5498807300178618692
12 3 20 2 25 14 7 8 11 13 14 15 17 19 20 21 22 23 24 25 16994761335611365207
8 1 23 14 7 8 11 13 14 15 17 19 20 21 22 23 24 25 16994761335611365207
14 1 33 14 7 8 11 13 14 15 17 19 20 21 22 23 24 25 16994761335611365207
1 11 3 26 21 17 21 25 22 7 7 22 0 15 7 8 11 13 14 15 17 19 20 21 22 23 24 25 26 15135154290106717793
8 1 17 15 7 8 11 13 14 15 17 19 20 21 22 23 24 25 26 15135154290106717793
9 1 54 15 7 8 11 13 14 15 17 19 20 21 22 23 24 25 26 15135154290106717793
14 1 18446744073709551615 15 7 8 11 13 14 15 17 19 20 21 22 23 24 25 26 15135154290106717793
8 1 21 15 7 8 11 13 14 15 17 19 20 21 22 23 24 25 26 15135154290106717793
1 3 1 27 43 16 7 8 11 13 14 15 17 19 20 21 22 23 24 25 26 27 7213229664440571160
5 2 0 13 16 7 8 11 13 14 15 17 19 20 21 22 23 24 25 26 27 7213229664440571160
7 2 0 36 16 7 8 11 13 14 15 17 19 20 21 22 23 24 25 26 27 7213229664440571160
1 12 3 28 52 20 11 23 26 22 26 8 24 13 17 7 8 11 13 14 15 17 19 20 21 22 23 24 25 26 27 28 925176486701588927
1 12 2 29 56 8 22 20 28 22 7 7 26 22 18 7 8 11 13 14 15 17 19 20 21 22 23 24 25 26 27 28 29 9744747809474262334
1 3 2 30 4 19 7 8 11 13 14 15 17 19 20 21 22 23 24 25 26 27 28 29 30 492799322542407006
12 3 28 7 15 19 7 8 11 13 14 15 17 19 20 21 22 23 24 25 26 27 28 29 30 17941458936542828951
3 1 32 19 7 8 11 13 14 15 17 19 20 21 22 23 24 25 26 27 28 29 30 17941458936542828951
2 2 27 20 19 7 8 11 13 14 15 17 19 20 21 22 23 24 25 26 27 28 29 30 17941458936542828951
1 3 3 31 7 20 7 8 11 13 14 15 17 19 20 21 22 23 24 25 26 27 28 29 30 31 3812484517659682643
1 3 2 32 0 21 7 8 11 13 14 15 17 19 20 21 22 23 24 25 26 27 28 29 30 31 32 6027723696650215539
10 0 21 7 8 11 13 14 15 17 19 20 21 22 23 24 25 26 27 28 29 30 31 32 6027723696650215539
12 3 11 0 21 21 7 8 11 13 14 15 17 19 20 21 22 23 24 25 26 27 28 29 30 31 32 17056064501680207744
1 6 2 33 46 7 28 20 22 7 8 11 13 14 15 17 19 20 21 22 23 24 25 26 27 28 29 30 31 32 33 5795476082337302190
8 1 20 22 7 8 11 13 14 15 17 19 20 21 22 23 24 25 26 27 28 29 30 31 32 33 5795476082337302190
3 1 43 22 7 8 11 13 14 15 17 19 20 21 22 23 24 25 26 27 28 29 30 31 32 33 5795476082337302190
8 1 33 22 7 8 11 13 14 15 17 19 20 21 22 23 24 25 26 27 28 29 30 31 32 33 5795476082337302190
6 2 1 0 22 7 8 11 13 14 15 17 19 20 21 22 23 24 25 26 27 28 29 30 31 32 33 5795476082337302190
1 10 2 34 3 24 22 29 26 15 27 24 23 7 8 11 13 14 15 17 19 20 21 22 23 24 25 26 27 28 29 30 31 32 33 34 866063895524226748
1 3 1 35 18 24 7 8 11 13 14 15 17 19 20 21 22 23 24 25 26 27 28 29 30 31 32 33 34 35 2089953561399254977
13 2 11 30 24 7 8 11 13 14 15 17 19 20 21 22 23 24 25 26 27 28 29 30 31 32 33 34 35 13768263613720013288
12 3 29 6 23 24 7 8 11 13 14 15 17 19 20 21 22 23 24 25 26 27 28 29 30 31 32 33 34 35 18317005536093326488
7 2 1 57 24 7 8 11 13 14 15 17 19 20 21 22 23 24 25 26 27 28 29 30 31 32 33 34 35 18317005536093326488
3 1 57 23 7 8 11 13 14 15 17 19 20 21 22 23 24 25 26 27 28 29 30 31 33 34 35 8430982200724579540
9 1 26 23 7 8 11 13 14 15 17 19 20 21 22 23 24 25 26 27 28 29 30 31 33 34 35 8430982200724579540
12 3 20 6 19 23 7 8 11 13 14 15 17 19 20 21 22 23 24 25 26 27 28 29 30 31 33 34 35 335015981970842382
3 1 7 22 7 8 11 13 14 15 17 19 20 21 22 23 24 25 26 27 28 29 30 33 34 35 12991399762988228562
10 0 22 7 8 11 13 14 15 17 19 20 21 22 23 24 25 26 27 28 29 30 33 34 35 12991399762988228562
14 1 32 22 7 8 11 13 14 15 17 19 20 21 22 23 24 25 26 27 28 29 30 33 34 35 12991399762988228562
1 3 1 36 47 23 7 8 11 13 14 15 17 19 20 21 22 23 24 25 26 27 28 29 30 33 34 35 36 2798806722598043815
10 0 23 7 8 11 13 14 15 17 19 20 21 22 23 24 25 26 27 28 29 30 33 34 35 36 2798806722598043815
3 1 52 23 7 8 11 13 14 15 17 19 20 21 22 23 24 25 26 27 28 29 30 33 34 35 36 2798806722598043815
8 1 14 23 7 8 11 13 14 15 17 19 20 21 22 23 24 25 26 27 28 29 30 33 34 35 36 2798806722598043815
11 0 23 7 8 11 13 14 15 17 19 20 21 22 23 24 25 26 27 28 29 30 33 34 35 36 2798806722598043815
8 1 33 23 7 8 11 13 14 15 17 19 20 21 22 23 24 25 26 27 28 29 30 33 34 35 36 2798806722598043815
2 2 27 14 23 7 8 11 13 14 15 17 19 20 21 22 23 24 25 26 27 28 29 30 33 34 35 36 2798806722598043815
1 5 3 37 43 34 8 24 7 8 11 13 14 15 17 19 20 21 22 23 24 25 26 27 28 29 30 33 34 35 36 37 13797378282957594005
9 1 21 24 7 8 11 13 14 15 17 19 20 21 22 23 24 25 26 27 28 29 30 33 34 35 36 37 13797378282957594005
14 1 1 24 7 8 11 13 14 15 17 19 20 21 22 23 24 25 26 27 28 29 30 33 34 35 36 37 13797378282957594005
4 1 0 24 7 8 11 13 14 15 17 19 20 21 22 23 24 25 26 27 28 29 30 33 34 35 36 37 13797378282957594005
8 1 7 24 7 8 11 13 14 15 17 19 20 21 22 23 24 25 26 27 28 29 30 33 34 35 36 37 13797378282957594005
14 1 18446744073709551615 24 7 8 11 13 14 15 17 19 20 21 22 23 24 25 26 27 28 29 30 33 34 35 36 37 13797378282957594005
8 1 11 24 7 8 11 13 14 15 17 19 20 21 22 23 24 25 26 27 28 29 30 33 34 35 36 37 13797378282957594005
3 1 8 24 7 8 11 13 14 15 17 19 20 21 22 23 24 25 26 27 28 29 30 33 34 35 36 37 13797378282957594005
1 11 3 38 37 20 35 35 19 36 35 17 25 25 7 8 11 13 14 15 17 19 20 21 22 23 24 25 26 27 28 29 30 33 34 35 36 37 38 16230690585178926778
1 3 2 39 1 26 7 8 11 13 14 15 17 19 20 21 22 23 24 25 26 27 28 29 30 33 34 35 36 37 38 39 7614959830446389654
3 1 6 26 7 8 11 13 14 15 17 19 20 21 22 23 24 25 26 27 28 29 30 33 34 35 36 37 38 39 7614959830446389654
1 11 3 40 49 11 14 14 29 25 13 28 26 27 7 8 11 13 14 15 17 19 20 21 22 23 24 25 26 27 28 29 30 33 34 35 36 37 38 39 40 15712658602245415925
4 1 16 27 7 8 11 13 14 15 17 19 20 21 22 23 24 25 26 27 28 29 30 33 34 35 36 37 38 39 40 15712658602245415925
13 2 23 27 27 7 8 11 13 14 15 17 19 20 21 22 23 24 25 26 27 28 29 30 33 34 35 36 37 38 39 40 16227886156263946383
11 0 27 7 8 11 13 14 15 17 19 20 21 22 23 24 25 26 27 28 29 30 33 34 35 36 37 38 39 40 16227886156263946383
10 0 27 7 8 11 13 14 15 17 19 20 21 22 23 24 25 26 27 28 29 30 33 34 35 36 37 38 39 40 16227886156263946383
1 3 3 41 55 28 7 8 11 13 14 15 17 19 20 21 22 23 24 25 26 27 28 29 30 33 34 35 36 37 38 39 40 41 4316224641538025401
9 1 37 28 7 8 11 13 14 15 17 19 20 21 22 23 24 25 26 27 28 29 30 33 34 35 36 37 38 39 40 41 4316224641538025401
1 3 1 42 37 29 7 8 11 13 14 15 17 19 20 21 22 23 24 25 26 27 28 29 30 33 34 35 36 37 38 39 40 41 42 7465297128922225760
1 3 1 43 26 30 7 8 11 13 14 15 17 19 20 21 22 23 24 25 26 27 28 29 30 33 34 35 36 37 38 39 40 41 42 43 6866159448988480733
10 0 29 7 8 11 13 14 15 17 19 20 21 22 23 24 25 26 27 28 29 30 33 34 35 36 37 39 40 41 42 43 10714356027181359606
3 1 37 28 7 8 11 13 14 15 17 19 20 21 22 23 24 25 26 27 28 29 30 33 34 35 36 37 39 40 41 43 14690642017377049903
4 1 9 28 7 8 11 13 14 15 17 19 20 21 22 23 24 25 26 27 28 29 30 33 34 35 36 37 39 40 41 43 14690642017377049903
8 1 27 28 7 8 11 13 14 15 17 19 20 21 22 23 24 25 26 27 28 29 30 33 34 35 36 37 39 40 41 43 14690642017377049903
5 2 1 33 28 7 8 11 13 14 15 17 19 20 21 22 23 24 25 26 27 28 29 30 33 34 35 36 37 39 40 41 43 14690642017377049903
12 3 37 1 41 28 7 8 11 13 14 15 17 19 20 21 22 23 24 25 26 27 28 29 30 33 34 35 36 37 39 40 41 43 3153674844894604364
3 1 20 28 7 8 11 13 14 15 17 19 20 21 22 23 24 25 26 27 28 29 30 33 34 35 36 37 39 40 41 43 3153674844894604364
8 1 26 28 7 8 11 13 14 15 17 19 20 21 22 23 24 25 26 27 28 29 30 33 34 35 36 37 39 40 41 43 3153674844894604364
10 0 28 7 8 11 13 14 15 17 19 20 21 22 23 24 25 26 27 28 29 30 33 34 35 36 37 39 40 41 43 3153674844894604364
8 1 15 28 7 8 11 13 14 15 17 19 20 21 22 23 24 25 26 27 28 29 30 33 34 35 36 37 39 40 41 43 3153674844894604364
5 2 0 37 28 7 8 11 13 14 15 17 19 20 21 22 23 24 25 26 27 28 29 30 33 34 35 36 37 39 40 41 43 3153674844894604364
11 0 28 7 8 11 13 14 15 17 19 20 21 22 23 24 25 26 27 28 29 30 33 34 35 36 37 39 40 41 43 3153674844894604364
1 11 3 44 6 17 33 27 33 40 43 23 37 29 7 8 11 13 14 15 17 19 20 21 22 23 24 25 26 27 28 29 30 33 34 35 36 37 39 40 41 43 44 18302021977253499936
12 3 29 5 26 29 7 8 11 13 14 15 17 19 20 21 22 23 24 25 26 27 28 29 30 33 34 35 36 37 39 40 41 43 44 3845832085628704833
1 3 1 45 39 30 7 8 11 13 14 15 17 19 20 21 22 23 24 25 26 27 28 29 30 33 34 35 36 37 39 40 41 43 44 45 1928157678194759324
3 1 26 30 7 8 11 13 14 15 17 19 20 21 22 23 24 25 26 27 28 29 30 33 34 35 36 37 39 40 41 43 44 45 1928157678194759324
9 1 49 30 7 8 11 13 14 15 17 19 20 21 22 23 24 25 26 27 28 29 30 33 34 35 36 37 39 40 41 43 44 45 1928157678194759324
1 3 1 46 34 31 7 8 11 13 14 15 17 19 20 21 22 23 24 25 26 27 28 29 30 33 34 35 36 37 39 40 41 43 44 45 46 16248602664626343449
8 1 41 31 7 8 11 13 14 15 17 19 20 21 22 23 24 25 26 27 28 29 30 33 34 35 36 37 39 40 41 43 44 45 46 16248602664626343449
13 2 8 39 31 7 8 11 13 14 15 17 19 20 21 22 23 24 25 26 27 28 29 30 33 34 35 36 37 39 40 41 43 44 45 46 1572749264056426703
2 2 15 41 31 7 8 11 13 14 15 17 19 20 21 22 23 24 25 26 27 28 29 30 33 34 35 36 37 39 40 41 43 44 45 46 1572749264056426703
1 3 1 47 19 32 7 8 11 13 14 15 17 19 20 21 22 23 24 25 26 27 28 29 30 33 34 35 36 37 39 40 41 43 44 45 46 47 12941907392236626162
1 10 2 48 23 26 13 22 28 37 13 28 33 7 8 11 13 14 15 17 19 20 21 22 23 24 25 26 27 28 29 30 33 34 35 36 37 39 40 41 43 44 45 46 47 48 9119144481214977978
13 2 23 43 33 7 8 11 13 14 15 17 19 20 21 22 23 24 25 26 27 28 29 30 33 34 35 36 37 39 40 41 43 44 45 46 47 48 10133470571454906808
8 1 35 33 7 8 11 13 14 15 17 19 20 21 22 23 24 25 26 27 28 29 30 33 34 35 36 37 39 40 41 43 44 45 46 47 48 10133470571454906808
1 19 3 49 50 46 39 17 41 21 0 14 39 26 29 27 28 23 46 26 29 34 7 8 11 13 14 15 17 19 20 21 22 23 24 25 26 27 28 29 30 33 34 35 36 37 39 40 41 43 44 45 46 47 48 49 16940497337280976785
1 19 3 50 53 34 35 0 47 33 47 11 28 21 46 23 34 15 45 20 43 35 7 8 11 13 14 15 17 19 20 21 22 23 24 25 26 27 28 29 30 33 34 35 36 37 39 40 41 43 44 45 46 47 48 49 50 1571487716367407052
3 1 4 35 7 8 11 13 14 15 17 19 20 21 22 23 24 25 26 27 28 29 30 33 34 35 36 37 39 40 41 43 44 45 46 47 48 49 50 1571487716367407052
8 1 33 35 7 8 11 13 14 15 17 19 20 21 22 23 24 25 26 27 28 29 30 33 34 35 36 37 39 40 41 43 44 45 46 47 48 49 50 1571487716367407052
8 1 41 35 7 8 11 13 14 15 17 19 20 21 22 23 24 25 26 27 28 29 30 33 34 35 36 37 39 40 41 43 44 45 46 47 48 49 50 1571487716367407052
1 19 2 51 60 26 39 19 27 40 15 7 41 19 40 41 46 15 21 46 39 36 7 8 11 13 14 15 17 19 20 21 22 23 24 25 26 27 28 29 30 33 34 35 36 37 39 40 41 43 44 45 46 47 48 49 50 51 11596714148063692815
1 3 1 52 49 37 7 8 11 13 14 15 17 19 20 21 22 23 24 25 26 27 28 29 30 33 34 35 36 37 39 40 41 43 44 45 46 47 48 49 50 51 52 14474059952830414850
8 1 23 37 7 8 11 13 14 15 17 19 20 21 22 23 24 25 26 27 28 29 30 33 34 35 36 37 39 40 41 43 44 45 46 47 48 49 50 51 52 14474059952830414850
14 1 32 37 7 8 11 13 14 15 17 19 20 21 22 23 24 25 26 27 28 29 30 33 34 35 36 37 39 40 41 43 44 45 46 47 48 49 50 51 52 14474059952830414850
14 1 0 37 7 8 11 13 14 15 17 19 20 21 22 23 24 25 26 27 28 29 30 33 34 35 36 37 39 40 41 43 44 45 46 47 48 49 50 51 52 14474059952830414850
3 1 55 37 7 8 11 13 14 15 17 19 20 21 22 23 24 25 26 27 28 29 30 33 34 35 36 37 39 40 41 43 44 45 46 47 48 49 50 51 52 14474059952830414850
1 4 2 53 57 14 38 7 8 11 13 14 15 17 19 20 21 22 23 24 25 26 27 28 29 30 33 34 35 36 37 39 40 41 43 44 45 46 47 48 49 50 51 52 53 13338596856773085845
11 0 38 7 8 11 13 14 15 17 19 20 21 22 23 24 25 26 27 28 29 30 33 34 35 36 37 39 40 41 43 44 45 46 47 48 49 50 51 52 53 13338596856773085845
1 3 1 54 16 39 7 8 11 13 14 15 17 19 20 21 22 23 24 25 26 27 28 29 30 33 34 35 36 37 39 40 41 43 44 45 46 47 48 49 50 51 52 53 54 9943051790835462884
1 6 3 55 10 28 17 20 40 7 8 11 13 14 15 17 19 20 21 22 23 24 25 26 27 28 29 30 33 34 35 36 37 39 40 41 43 44 45 46 47 48 49 50 51 52 53 54 55 1693181317966549292
10 0 40 7 8 11 13 14 15 17 19 20 21 22 23 24 25 26 27 28 29 30 33 34 35 36 37 39 40 41 43 44 45 46 47 48 49 50 51 52 53 54 55 1693181317966549292
5 2 6 27 40 7 8 11 13 14 15 17 19 20 21 22 23 24 25 26 27 28 29 30 33 34 35 36 37 39 40 41 43 44 45 46 47 48 49 50 51 52 53 54 55 1693181317966549292
2 2 30 52 40 7 8 11 13 14 15 17 19 20 21 22 23 24 25 26 27 28 29 30 33 34 35 36 37 39 40 41 43 44 45 46 47 48 49 50 51 52 53 54 55 1693181317966549292
6 2 6 28 40 7 8 11 13 14 15 17 19 20 21 22 23 24 25 26 27 28 29 30 33 34 35 36 37 39 40 41 43 44 45 46 47 48 49 50 51 52 53 54 55 1693181317966549292
9 1 47 40 7 8 11 13 14 15 17 19 20 21 22 23 24 25 26 27 28 29 30 33 34 35 36 37 39 40 41 43 44 45 46 47 48 49 50 51 52 53 54 55 1693181317966549292
8 1 29 40 7 8 11 13 14 15 17 19 20 21 22 23 24 25 26 27 28 29 30 33 34 35 36 37 39 40 41 43 44 45 46 47 48 49 50 51 52 53 54 55 1693181317966549292
1 6 3 56 0 40 53 50 41 7 8 11 13 14 15 17 19 20 21 22 23 24 25 26 27 28 29 30 33 34 35 36 37 39 40 41 43 44 45 46 47 48 49 50 51 52 53 54 55 56 936814380852590497
1 10 2 57 24 53 48 36 46 48 50 45 42 7 8 11 13 14 15 17 19 20 21 22 23 24 25 26 27 28 29 30 33 34 35 36 37 39 40 41 43 44 45 46 47 48 49 50 51 52 53 54 55 56 57 3285761012871627592
2 2 13 61 42 7 8 11 13 14 15 17 19 20 21 22 23 24 25 26 27 28 29 30 33 34 35 36 37 39 40 41 43 44 45 46 47 48 49 50 51 52 53 54 55 56 57 3285761012871627592
4 1 8 42 7 8 11 13 14 15 17 19 20 21 22 23 24 25 26 27 28 29 30 33 34 35 36 37 39 40 41 43 44 45 46 47 48 49 50 51 52 53 54 55 56 57 3285761012871627592
1 3 1 58 44 43 7 8 11 13 14 15 17 19 20 21 22 23 24 25 26 27 28 29 30 33 34 35 36 37 39 40 41 43 44 45 46 47 48 49 50 51 52 53 54 55 56 57 58 7068553888671041397
2 2 28 25 43 7 8 11 13 14 15 17 19 20 21 22 23 24 25 26 27 28 29 30 33 34 35 36 37 39 40 41 43 44 45 46 47 48 49 50 51 52 53 54 55 56 57 58 7068553888671041397
8 1 28 43 7 8 11 13 14 15 17 19 20 21 22 23 24 25 26 27 28 29 30 33 34 35 36 37 39 40 41 43 44 45 46 47 48 49 50 51 52 53 54 55 56 57 58 7068553888671041397
12 3 57 0 19 43 7 8 11 13 14 15 17 19 20 21 22 23 24 25 26 27 28 29 30 33 34 35 36 37 39 40 41 43 44 45 46 47 48 49 50 51 52 53 54 55 56 57 58 16015459369923435943
5 2 6 48 43 7 8 11 13 14 15 17 19 20 21 22 23 24 25 26 27 28 29 30 33 34 35 36 37 39 40 41 43 44 45 46 47 48 49 50 51 52 53 54 55 56 57 58 16015459369923435943
12 3 24 0 28 43 7 8 11 13 14 15 17 19 20 21 22 23 24 25 26 27 28 29 30 33 34 35 36 37 39 40 41 43 44 45 46 47 48 49 50 51 52 53 54 55 56 57 58 3986442471602940756
7 2 6 17 43 7 8 11 13 14 15 17 19 20 21 22 23 24 25 26 27 28 29 30 33 34 35 36 37 39 40 41 43 44 45 46 47 48 49 50 51 52 53 54 55 56 57 58 3986442471602940756
14 1 1 43 7 8 11 13 14 15 17 19 20 21 22 23 24 25 26 27 28 29 30 33 34 35 36 37 39 40 41 43 44 45 46 47 48 49 50 51 52 53 54 55 56 57 58 3986442471602940756
8 1 55 43 7 8 11 13 14 15 17 19 20 21 22 23 24 25 26 27 28 29 30 33 34 35 36 37 39 40 41 43 44 45 46 47 48 49 50 51 52 53 54 55 56 57 58 3986442471602940756
4 1 8 43 7 8 11 13 14 15 17 19 20 21 22 23 24 25 26 27 28 29 30 33 34 35 36 37 39 40 41 43 44 45 46 47 48 49 50 51 52 53 54 55 56 57 58 3986442471602940756
9 1 17 43 7 8 11 13 14 15 17 19 20 21 22 23 24 25 26 27 28 29 30 33 34 35 36 37 39 40 41 43 44 45 46 47 48 49 50 51 52 53 54 55 56 57 58 3986442471602940756
12 3 11 1 41 43 7 8 11 13 14 15 17 19 20 21 22 23 24 25 26 27 28 29 30 33 34 35 36 37 39 40 41 43 44 45 46 47 48 49 50 51 52 53 54 55 56 57 58 7043761056172160385
12 3 49 9 13 43 7 8 11 13 14 15 17 19 20 21 22 23 24 25 26 27 28 29 30 33 34 35 36 37 39 40 41 43 44 45 46 47 48 49 50 51 52 53 54 55 56 57 58 4154707218382229169
8 1 58 43 7 8 11 13 14 15 17 19 20 21 22 23 24 25 26 27 28 29 30 33 34 35 36 37 39 40 41 43 44 45 46 47 48 49 50 51 52 53 54 55 56 57 58 4154707218382229169
6 2 6 10 43 7 8 11 13 14 15 17 19 20 21 22 23 24 25 26 27 28 29 30 33 34 35 36 37 39 40 41 43 44 45 46 47 48 49 50 51 52 53 54 55 56 57 58 4154707218382229169
3 1 43 43 7 8 11 13 14 15 17 19 20 21 22 23 24 25 26 27 28 29 30 33 34 35 36 37 39 40 41 43 44 45 46 47 48 49 50 51 52 53 54 55 56 57 58 4154707218382229169
13 2 56 22 43 7 8 11 13 14 15 17 19 20 21 22 23 24 25 26 27 28 29 30 33 34 35 36 37 39 40 41 43 44 45 46 47 48 49 50 51 52 53 54 55 56 57 58 6176289605162619014
6 2 4 61 43 7 8 11 13 14 15 17 19 20 21 22 23 24 25 26 27 28 29 30 33 34 35 36 37 39 40 41 43 44 45 46 47 48 49 50 51 52 53 54 55 56 57 58 6176289605162619014
12 3 53 0 11 43 7 8 11 13 14 15 17 19 20 21 22 23 24 25 26 27 28 29 30 33 34 35 36 37 39 40 41 43 44 45 46 47 48 49 50 51 52 53 54 55 56 57 58 10961343118365261305
5 2 7 35 43 7 8 11 13 14 15 17 19 20 21 22 23 24 25 26 27 28 29 30 33 34 35 36 37 39 40 41 43 44 45 46 47 48 49 50 51 52 53 54 55 56 57 58 10961343118365261305
6 2 4 39 43 7 8 11 13 14 15 17 19 20 21 22 23 24 25 26 27 28 29 30 33 34 35 36 37 39 40 41 43 44 45 46 47 48 49 50 51 52 53 54 55 56 57 58 10961343118365261305
1 3 1 59 62 44 7 8 11 13 14 15 17 19 20 21 22 23 24 25 26 27 28 29 30 33 34 35 36 37 39 40 41 43 44 45 46 47 48 49 50 51 52 53 54 55 56 57 58 59 4222955207986525872
14 1 8 44 7 8 11 13 14 15 17 19 20 21 22 23 24 25 26 27 28 29 30 33 34 35 36 37 39 40 41 43 44 45 46 47 48 49 50 51 52 53 54 55 56 57 58 59 4222955207986525872
10 0 44 7 8 11 13 14 15 17 19 20 21 22 23 24 25 26 27 28 29 30 33 34 35 36 37 39 40 41 43 44 45 46 47 48 49 50 51 52 53 54 55 56 57 58 59 4222955207986525872
1 3 2 60 27 45 7 8 11 13 14 15 17 19 20 21 22 23 24 25 26 27 28 29 30 33 34 35 36 37 39 40 41 43 44 45 46 47 48 49 50 51 52 53 54 55 56 57 58 59 60 5036179220205662156
7 2 7 21 45 7 8 11 13 14 15 17 19 20 21 22 23 24 25 26 27 28 29 30 33 34 35 36 37 39 40 41 43 44 45 46 47 48 49 50 51 52 53 54 55 56 57 58 59 60 5036179220205662156
11 0 45 7 8 11 13 14 15 17 19 20 21 22 23 24 25 26 27 28 29 30 33 34 35 36 37 39 40 41 43 44 45 46 47 48 49 50 51 52 53 54 55 56 57 58 59 60 5036179220205662156
3 1 34 45 7 8 11 13 14 15 17 19 20 21 22 23 24 25 26 27 28 29 30 33 34 35 36 37 39 40 41 43 44 45 46 47 48 49 50 51 52 53 54 55 56 57 58 59 60 5036179220205662156
14 1 8 45 7 8 11 13 14 15 17 19 20 21 22 23 24 25 26 27 28 29 30 33 34 35 36 37 39 40 41 43 44 45 46 47 48 49 50 51 52 53 54 55 56 57 58 59 60 5036179220205662156
11 0 44 7 8 11 13 14 15 17 19 20 21 22 23 24 25 26 27 28 29 30 33 34 35 36 37 39 40 41 43 44 45 46 47 48 49 50 51 52 53 54 56 57 58 59 60 8904319737025558980
11 0 44 7 8 11 13 14 15 17 19 20 21 22 23 24 25 26 27 28 29 30 33 34 35 36 37 39 40 41 43 44 45 46 47 48 49 50 51 52 53 54 56 57 58 59 60 8904319737025558980
5 2 1 19 44 7 8 11 13 14 15 17 19 20 21 22 23 24 25 26 27 28 29 30 33 34 35 36 37 39 40 41 43 44 45 46 47 48 49 50 51 52 53 54 56 57 58 59 60 8904319737025558980
1 12 3 61 33 57 41 58 15 23 37 50 35 52 45 7 8 11 13 14 15 17 19 20 21 22 23 24 25 26 27 28 29 30 33 34 35 36 37 39 40 41 43 44 45 46 47 48 49 50 51 52 53 54 56 57 58 59 60 61 2951534114525013735
9 1 18 45 7 8 11 13 14 15 17 19 20 21 22 23 24 25 26 27 28 29 30 33 34 35 36 37 39 40 41 43 44 45 46 47 48 49 50 51 52 53 54 56 57 58 59 60 61 2951534114525013735
14 1 32 45 7 8 11 13 14 15 17 19 20 21 22 23 24 25 26 27 28 29 30 33 34 35 36 37 39 40 41 43 44 45 46 47 48 49 50 51 52 53 54 56 57 58 59 60 61 2951534114525013735
3 1 52 44 7 8 11 13 14 15 17 19 20 21 22 23 24 25 26 27 28 29 33 34 35 36 37 39 40 41 43 44 45 46 47 48 49 50 51 52 53 54 56 57 58 59 60 61 7899427271687603207
10 0 44 7 8 11 13 14 15 17 19 20 21 22 23 24 25 26 27 28 29 33 34 35 36 37 39 40 41 43 44 45 46 47 48 49 50 51 52 53 54 56 57 58 59 60 61 7899427271687603207
3 1 1 44 7 8 11 13 14 15 17 19 20 21 22 23 24 25 26 27 28 29 33 34 35 36 37 39 40 41 43 44 45 46 47 48 49 50 51 52 53 54 56 57 58 59 60 61 7899427271687603207
6 2 0 19 44 7 8 11 13 14 15 17 19 20 21 22 23 24 25 26 27 28 29 33 34 35 36 37 39 40 41 43 44 45 46 47 48 49 50 51 52 53 54 56 57 58 59 60 61 7899427271687603207
5 2 0 56 44 7 8 11 13 14 15 17 19 20 21 22 23 24 25 26 27 28 29 33 34 35 36 37 39 40 41 43 44 45 46 47 48 49 50 51 52 53 54 56 57 58 59 60 61 7899427271687603207
14 1 18446744073709551615 44 7 8 11 13 14 15 17 19 20 21 22 23 24 25 26 27 28 29 33 34 35 36 37 39 40 41 43 44 45 46 47 48 49 50 51 52 53 54 56 57 58 59 60 61 7899427271687603207
7 2 0 22 44 7 8 11 13 14 15 17 19 20 21 22 23 24 25 26 27 28 29 33 34 35 36 37 39 40 41 43 44 45 46 47 48 49 50 51 52 53 54 56 57 58 59 60 61 7899427271687603207
1 5 2 62 8 22 39 45 7 8 11 13 14 15 17 19 20 21 22 23 24 25 26 27 28 29 33 34 35 36 37 39 40 41 43 44 45 46 47 48 49 50 51 52 53 54 56 57 58 59 60 61 62 12029206736782251338
1 6 2 63 7 35 43 25 46 7 8 11 13 14 15 17 19 20 21 22 23 24 25 26 27 28 29 33 34 35 36 37 39 40 41 43 44 45 46 47 48 49 50 51 52 53 54 56 57 58 59 60 61 62 63 10764190766382353744
10 0 46 7 8 11 13 14 15 17 19 20 21 22 23 24 25 26 27 28 29 33 34 35 36 37 39 40 41 43 44 45 46 47 48 49 50 51 52 53 54 56 57 58 59 60 61 62 63 10764190766382353744
10 0 46 7 8 11 13 14 15 17 19 20 21 22 23 24 25 26 27 28 29 33 34 35 36 37 39 40 41 43 44 45 46 47 48 49 50 51 52 53 54 56 57 58 59 60 61 62 63 10764190766382353744
9 1 60 46 7 8 11 13 14 15 17 19 20 21 22 23 24 25 26 27 28 29 33 34 35 36 37 39 40 41 43 44 45 46 47 48 49 50 51 52 53 54 56 57 58 59 60 61 62 63 10764190766382353744
13 2 19 35 46 7 8 11 13 14 15 17 19 20 21 22 23 24 25 26 27 28 29 33 34 35 36 37 39 40 41 43 44 45 46 47 48 49 50 51 52 53 54 56 57 58 59 60 61 62 63 10213001207023158834
12 3 19 0 14 46 7 8 11 13 14 15 17 19 20 21 22 23 24 25 26 27 28 29 33 34 35 36 37 39 40 41 43 44 45 46 47 48 49 50 51 52 53 54 56 57 58 59 60 61 62 63 16764524543619352567
3 1 50 45 7 8 11 13 14 15 17 19 20 21 22 23 24 25 26 27 28 29 33 34 35 36 37 39 40 41 43 44 45 46 47 48 50 51 52 53 54 56 57 58 59 60 61 62 63 7665203735672531858
9 1 44 45 7 8 11 13 14 15 17 19 20 21 22 23 24 25 26 27 28 29 33 34 35 36 37 39 40 41 43 44 45 46 47 48 50 51 52 53 54 56 57 58 59 60 61 62 63 7665203735672531858
14 1 1 45 7 8 11 13 14 15 17 19 20 21 22 23 24 25 26 27 28 29 33 34 35 36 37 39 40 41 43 44 45 46 47 48 50 51 52 53 54 56 57 58 59 60 61 62 63 7665203735672531858
8 1 33 45 7 8 11 13 14 15 17 19 20 21 22 23 24 25 26 27 28 29 33 34 35 36 37 39 40 41 43 44 45 46 47 48 50 51 52 53 54 56 57 58 59 60 61 62 63 7665203735672531858
1 3 2 64 10 46 7 8 11 13 14 15 17 19 20 21 22 23 24 25 26 27 28 29 33 34 35 36 37 39 40 41 43 44 45 46 47 48 50 51 52 53 54 56 57 58 59 60 61 62 63 64 3222146483924435458
11 0 45 7 8 11 13 14 15 17 19 20 21 22 23 24 25 26 27 28 29 33 34 35 36 37 39 40 41 43 44 45 46 47 48 50 52 53 54 56 57 58 59 60 61 62 63 64 7449083754037531729
3 1 0 45 7 8 11 13 14 15 17 19 20 21 22 23 24 25 26 27 28 29 33 34 35 36 37 39 40 41 43 44 45 46 47 48 50 52 53 54 56 57 58 59 60 61 62 63 64 7449083754037531729
3 1 3 45 7 8 11 13 14 15 17 19 20 21 22 23 24 25 26 27 28 29 33 34 35 36 37 39 40 41 43 44 45 46 47 48 50 52 53 54 56 57 58 59 60 61 62 63 64 7449083754037531729
3 1 6 44 7 8 11 13 14 15 17 19 20 21 22 23 24 25 26 27 28 29 33 34 35 36 37 39 40 41 43 45 46 47 48 50 52 53 54 56 57 58 59 60 61 62 63 64 8196454652721517897
3 1 7 43 7 8 11 13 14 15 17 19 20 21 22 23 24 25 26 27 28 29 33 34 35 36 37 39 40 41 43 45 46 47 48 50 52 53 54 56 57 58 59 60 61 62 64 3473874529760072849
3 1 8 42 7 8 11 13 14 15 17 19 20 21 22 23 24 25 26 27 28 29 33 34 35 36 37 39 40 41 43 45 46 47 48 50 52 53 54 56 57 58 59 60 61 64 9547349363259339312
3 1 10 41 7 8 11 13 14 15 17 19 20 21 22 23 24 25 26 27 28 29 33 34 35 36 37 39 40 41 43 45 46 47 48 50 52 53 54 56 57 58 59 60 61 4519232624296496116
3 1 12 41 7 8 11 13 14 15 17 19 20 21 22 23 24 25 26 27 28 29 33 34 35 36 37 39 40 41 43 45 46 47 48 50 52 53 54 56 57 58 59 60 61 4519232624296496116
3 1 14 41 7 8 11 13 14 15 17 19 20 21 22 23 24 25 26 27 28 29 33 34 35 36 37 39 40 41 43 45 46 47 48 50 52 53 54 56 57 58 59 60 61 4519232624296496116
3 1 16 40 7 8 11 13 14 15 17 19 20 21 22 23 24 25 26 27 28 29 33 34 35 36 37 39 40 41 43 45 46 47 48 50 52 53 56 57 58 59 60 61 5468176487267792093
3 1 21 40 7 8 11 13 14 15 17 19 20 21 22 23 24 25 26 27 28 29 33 34 35 36 37 39 40 41 43 45 46 47 48 50 52 53 56 57 58 59 60 61 5468176487267792093
3 1 22 38 7 8 11 13 14 15 17 19 20 21 22 23 24 25 26 27 28 29 33 34 35 36 37 39 41 43 45 46 47 48 50 52 53 57 58 59 60 61 15694329109373205038
3 1 23 38 7 8 11 13 14 15 17 19 20 21 22 23 24 25 26 27 28 29 33 34 35 36 37 39 41 43 45 46 47 48 50 52 53 57 58 59 60 61 15694329109373205038
3 1 24 38 7 8 11 13 14 15 17 19 20 21 22 23 24 25 26 27 28 29 33 34 35 36 37 39 41 43 45 46 47 48 50 52 53 57 58 59 60 61 15694329109373205038
3 1 25 38 7 8 11 13 14 15 17 19 20 21 22 23 24 25 26 27 28 29 33 34 35 36 37 39 41 43 45 46 47 48 50 52 53 57 58 59 60 61 15694329109373205038
3 1 27 37 7 8 11 13 14 15 17 19 20 21 22 23 24 25 26 27 28 29 33 34 35 36 37 39 41 43 45 46 47 48 50 52 53 57 58 59 61 14062807774091349698
3 1 33 31 7 8 11 13 14 15 17 19 20 21 22 23 24 25 26 27 28 29 33 34 35 39 41 43 45 46 47 50 52 53 59 7272278895114577545
3 1 36 31 7 8 11 13 14 15 17 19 20 21 22 23 24 25 26 27 28 29 33 34 35 39 41 43 45 46 47 50 52 53 59 7272278895114577545
3 1 41 31 7 8 11 13 14 15 17 19 20 21 22 23 24 25 26 27 28 29 33 34 35 39 41 43 45 46 47 50 52 53 59 7272278895114577545
3 1 46 31 7 8 11 13 14 15 17 19 20 21 22 23 24 25 26 27 28 29 33 34 35 39 41 43 45 46 47 50 52 53 59 7272278895114577545
3 1 49 30 7 8 11 13 14 15 17 19 20 21 22 23 24 25 26 27 28 29 33 34 35 39 41 43 45 46 47 50 53 59 38076577362678742
3 1 53 22 7 8 11 13 14 15 17 19 20 21 22 23 25 26 27 28 29 39 41 43 53 59 13182478928713762998
3 1 56 5 11 21 41 53 59 2268018782059845516
3 1 57 1 59 6338919118315309222
3 1 62 0 1469598103934665603
14 1 18446744073709551615 0 1469598103934665603
