create 1 0 0 0 0 0
create 2 0 0 0 0 0
upload 2 812640 0 0 0 0
upload 2 812640 0 0 0 0
upload 2 812640 0 0 0 0
upload 2 811200 0 0 0 0
upload 1 12480 0 0 0 0
light 0 1 0 0 0 0
fog 0 0.61732500000000001 0.43017500000000003 0.37867499999999998 5000 6000
draw 1 0 0 0 0 0
upload 1 12480 0 0 0 0
light 0 1 0 0 0 0
fog 0 0.53000000000000003 0.71999999999999997 0.97999999999999998 5000 6000
draw 1 0 0 0 0 0
upload 1 12480 0 0 0 0
light 0 1 0 0 0 0
fog 0 0.02 0.029999999999999999 0.089999999999999997 5000 6000
draw 1 0 0 0 0 0
light 0 0.20000000000000001 0 0 0 0
fog 0 0.02 0.029999999999999999 0.089999999999999997 160 420
draw 2 0 0 0 0 0
